mesafe_aci=[  
    30  30   0
    30  30   0
    30  30   0
    30  30   0
    30  30   0
    30  30   1
    30  30   1
    30  30   1
    30  30   1
    30  30   1
    30  30   1
    30  41   1
    41  44   1
    44  46   1
    46  41   1
    41  37   1
    37  33   2
    33  30   2
    30  30   2
    30  30   2
    30  30   2
    30  30   2
    30  30   2
    30  30   2
    30  30   2
    30  32   2
    32  39   2
    39  48   3
    48  58   3
    58  64   3
    64  66   3
    66  66   3
    66  67   3
    67  66   3
    66  67   3
    67  67   3
    67  66   3
    66  64   3
    64  62   4
    62  60   4
    60  59   4
    59  61   4
    61  64   4
    64  66   4
    66  67   4
    67  67   4
    67  67   4
    67  67   4
    67  67   4
    67  66   5
    66  66   5
    66  66   5
    66  63   5
    63  60   5
    60  59   5
    59  59   5
    59  59   5
    59  58   5
    58  55   5
    55  54   5
    54  54   5
    54  54   6
    54  55   6
    55  55   6
    55  56   6
    56  57   6
    57  58   6
    58  57   6
    57  56   6
    56  56   6
    56  56   6
    56  56   6
    56  56   7
    56  56   7
    56  57   7
    57  57   7
    57  58   7
    58  58   7
    58  57   7
    57  55   7
    55  53   7
    53  52   7
    52  52   7
    52  52   8
    52  51   8
    51  52   8
    52  54   8
    54  56   8
    56  57   8
    57  57   8
    57  57   8
    57  57   8
    57  55   8
    55  52   8
    52  50   9
    50  50   9
    50  50   9
    50  50   9
    50  50   9
    50  50   9
    50  50   9
    50  49   9
    49  49   9
    49  49   9
    49  49   9
    49  49  10
    49  49  10
    49  49  10
    49  49  10
    49  49  10
    49  49  10
    49  49  10
    49  49  10
    49  48  10
    48  49  10
    49  49  10
    49  48  11
    48  48  11
    48  48  11
    48  48  11
    48  48  11
    48  49  11
    49  48  11
    48  48  11
    48  48  11
    48  48  11
    48  48  11
    48  48  12
    48  48  12
    48  48  12
    48  48  12
    48  48  12
    48  48  12
    48  48  12
    48  48  12
    48  49  12
    49  48  12
    48  48  12
    48  48  13
    48  48  13
    48  48  13
    48  48  13
    48  48  13
    48  48  13
    48  48  13
    48  48  13
    48  48  13
    48  48  13
    48  48  13
    48  48  14
    48  48  14
    48  48  14
    48  48  14
    48  48  14
    48  48  14
    48  48  14
    48  48  14
    48  49  14
    49  49  14
    49  49  14
    49  49  14
    49  49  15
    49  49  15
    49  49  15
    49  49  15
    49  49  15
    49  50  15
    50  50  15
    50  50  15
    50  50  15
    50  50  15
    50  50  15
    50  50  16
    50  50  16
    50  50  16
    50  50  16
    50  50  16
    50  50  16
    50  50  16
    50  50  16
    50  51  16
    51  51  16
    51  51  16
    51  51  17
    51  51  17
    51  51  17
    51  51  17
    51  52  17
    52  52  17
    52  52  17
    52  52  17
    52  53  17
    53  53  17
    53  53  17
    53  53  18
    53  53  18
    53  53  18
    53  53  18
    53  53  18
    53  52  18
    52  52  18
    52  52  18
    52  52  18
    52  52  18
    52  52  18
    52  52  19
    52  52  19
    52  52  19
    52  52  19
    52  52  19
    52  52  19
    52  52  19
    52  52  19
    52  52  19
    52  52  19
    52  52  19
    52  52  20
    52  52  20
    52  52  20
    52  53  20
    53  53  20
    53  53  20
    53  53  20
    53  53  20
    53  53  20
    53  53  20
    53  53  20
    53  53  21
    53  52  21
    52  52  21
    52  52  21
    52  52  21
    52  52  21
    52  52  21
    52  52  21
    52  51  21
    51  51  21
    51  51  21
    51  51  22
    51  51  22
    51  51  22
    51  51  22
    51  51  22
    51  50  22
    50  50  22
    50  50  22
    50  49  22
    49  49  22
    49  49  22
    49  49  23
    49  48  23
    48  48  23
    48  48  23
    48  48  23
    48  48  23
    48  48  23
    48  48  23
    48  48  23
    48  48  23
    48  48  23
    48  48  23
    48  48  24
    48  48  24
    48  48  24
    48  48  24
    48  48  24
    48  49  24
    49  49  24
    49  49  24
    49  49  24
    49  50  24
    50  50  24
    50  49  25
    49  50  25
    50  49  25
    49  49  25
    49  48  25
    48  49  25
    49  49  25
    49  50  25
    50  50  25
    50  50  25
    50  50  25
    50  50  26
    50  50  26
    50  50  26
    50  50  26
    50  50  26
    50  50  26
    50  50  26
    50  50  26
    50  50  26
    50  50  26
    50  50  26
    50  50  27
    50  50  27
    50  49  27
    49  49  27
    49  49  27
    49  49  27
    49  49  27
    49  48  27
    48  48  27
    48  48  27
    48  48  27
    48  47  28
    47  48  28
    48  48  28
    48  48  28
    48  48  28
    48  48  28
    48  48  28
    48  47  28
    47  47  28
    47  47  28
    47  47  28
    47  47  29
    47  47  29
    47  47  29
    47  47  29
    47  47  29
    47  46  29
    46  46  29
    46  46  29
    46  46  29
    46  45  29
    45  45  29
    45  45  30
    45  45  30
    45  45  30
    45  45  30
    45  45  30
    45  45  30
    45  45  30
    45  45  30
    45  45  30
    45  45  30
    45  45  30
    45  45  31
    45  45  31
    45  45  31
    45  44  31
    44  44  31
    44  44  31
    44  44  31
    44  44  31
    44  44  31
    44  44  31
    44  44  31
    44  44  32
    44  44  32
    44  44  32
    44  44  32
    44  44  32
    44  44  32
    44  44  32
    44  44  32
    44  44  32
    44  44  32
    44  44  32
    44  44  32
    44  44  33
    44  44  33
    44  44  33
    44  44  33
    44  44  33
    44  44  33
    44  44  33
    44  44  33
    44  44  33
    44  44  33
    44  43  33
    43  43  34
    43  43  34
    43  43  34
    43  44  34
    44  44  34
    44  44  34
    44  43  34
    43  43  34
    43  44  34
    44  43  34
    43  43  34
    43  43  35
    43  43  35
    43  43  35
    43  43  35
    43  43  35
    43  43  35
    43  43  35
    43  43  35
    43  42  35
    42  42  35
    42  42  35
    42  42  36
    42  42  36
    42  42  36
    42  42  36
    42  42  36
    42  42  36
    42  42  36
    42  42  36
    42  42  36
    42  42  36
    42  42  36
    42  42  37
    42  42  37
    42  42  37
    42  42  37
    42  42  37
    42  43  37
    43  42  37
    42  42  37
    42  42  37
    42  42  37
    42  42  37
    42  43  38
    43  43  38
    43  43  38
    43  43  38
    43  43  38
    43  43  38
    43  43  38
    43  43  38
    43  43  38
    43  43  38
    43  43  38
    43  43  39
    43  43  39
    43  43  39
    43  43  39
    43  43  39
    43  43  39
    43  43  39
    43  43  39
    43  44  39
    44  44  39
    44  45  39
    45  46  40
    46  46  40
    46  46  40
    46  46  40
    46  46  40
    46  46  40
    46  46  40
    46  46  40
    46  46  40
    46  46  40
    46  46  40
    46  45  41
    45  45  41
    45  45  41
    45  45  41
    45  45  41
    45  45  41
    45  45  41
    45  45  41
    45  45  41
    45  45  41
    45  44  41
    44  44  41
    44  44  42
    44  44  42
    44  44  42
    44  44  42
    44  44  42
    44  44  42
    44  44  42
    44  44  42
    44  44  42
    44  44  42
    44  44  42
    44  44  43
    44  44  43
    44  44  43
    44  44  43
    44  44  43
    44  44  43
    44  44  43
    44  44  43
    44  44  43
    44  44  43
    44  44  43
    44  44  44
    44  44  44
    44  44  44
    44  44  44
    44  44  44
    44  44  44
    44  44  44
    44  44  44
    44  44  44
    44  44  44
    44  44  44
    44  44  45
    44  44  45
    44  44  45
    44  44  45
    44  44  45
    44  45  45
    45  45  45
    45  45  45
    45  45  45
    45  45  45
    45  45  45
    45  45  46
    45  46  46
    46  46  46
    46  46  46
    46  46  46
    46  46  46
    46  46  46
    46  47  46
    47  48  46
    48  48  46
    48  48  46
    48  48  47
    48  48  47
    48  48  47
    48  49  47
    49  48  47
    48  48  47
    48  48  47
    48  48  47
    48  48  47
    48  48  47
    48  48  47
    48  48  48
    48  48  48
    48  48  48
    48  48  48
    48  47  48
